1,-0.602991384,0.882478321,0.680508517,-0.285343397,-0.504707481,0.664206679,0.023177851129762932,-0.008064337899220772,0.04334689977880943,0.007246910916994074,-0.031349238018424166,1.2409362434255865e-05,0.010663635474649828,-0.02520155682167357,0.001436552571856101,0.025086575764337753,0.11333144437128014,0.0040240798349451285,0.0007668586356197476,0.005772338052182269,0.0077190403910263605,0.07885681240111145,0.0034815207254775974,0.00021933244547861272,0.005251661384253366,0.0072398005011855915,0.13650929550104307,0.044688500651026655
2,0.267385155,0.236887495,-0.279792249,0.540292486,0.897303575,0.46443092,0.022541007786962858,-0.008043316707399096,0.04297599298537137,0.00735981562664065,-0.031331588905836504,1.2396214481543894e-05,0.0106913662570547,-0.025598365261902817,0.0013670311141987764,0.025107676464354224,0.11348613466449466,0.004028133535029514,0.0007804844768196432,0.0057933965851117404,0.00773011343518117,0.07894956598209825,0.0034823361797805064,0.00021695562922241412,0.00524937333791591,0.007255775503335511,0.13602714245145753,0.0447195500598292
3,-0.011895089,-0.54730538,0.099757009,0.755413387,0.461859553,0.106616167,0.022697975217626978,-0.00805153620693669,0.04243108668976956,0.008207664617432112,-0.03149704819026962,1.2586209118031759e-05,0.010701423342994893,-0.025827543157108175,0.0015586638420455028,0.02516267807058136,0.11358959801807308,0.0040273183532094645,0.0007639102543518816,0.005925451953074921,0.007688868125357959,0.07894789754702831,0.0034818339086340223,0.00022173009086377845,0.005306795201220593,0.007225792584332142,0.13628757323570007,0.04472983181509672
4,0.364969881,0.670259485,-0.033630761,0.015495126,0.065988718,0.787965673,0.02254617705435069,-0.00804606057053622,0.04337497271435621,0.006959715924534435,-0.03128605516794485,1.2542646209156052e-05,0.010684243797521595,-0.025483711893007865,0.0012386656080825773,0.025091863995135657,0.11342182197063323,0.004027173880694836,0.0007978134831520405,0.005746471619348013,0.007745883108384073,0.07892204880599338,0.0034821198547571037,0.00021708657065528338,0.005226063233094752,0.007257161414553737,0.1359679990249839,0.044712088086856734
5,0.904915374,-0.686938049,-0.769600289,-0.991338645,-0.437152658,-0.287637489,0.02167979389706907,-0.008036767059671985,0.04203427923808004,0.007310980818665702,-0.031199783592239707,1.273744473677859e-05,0.010709677517612995,-0.02581059569381825,0.001539516542901658,0.02511974868080184,0.11374758866246965,0.004025123968562876,0.0007693847628754993,0.0059478770405560445,0.00769714229340708,0.0790548497485014,0.003481096119901382,0.00023338614748839983,0.005290680528077916,0.0072480480530990425,0.1354273825595387,0.04473151232430954
6,0.027753668,0.105776731,0.279053652,-0.359938765,0.729826233,0.261821178,0.022292422433961297,-0.008038287180433815,0.04294376291848511,0.007010328484940545,-0.03115475682861897,1.2466815975208983e-05,0.010688564119606305,-0.025588242437870973,0.0013243198228872393,0.025094266718990645,0.11351590501388022,0.004027647680096018,0.0008108823903802652,0.00576248015221971,0.00772443290844508,0.07898529888976688,0.0034821923552806142,0.00022179098951222813,0.0052420228604432365,0.007259156787736184,0.13580832744784152,0.04471769561528798
7,-0.305491977,-0.327186234,0.664494046,0.372556482,0.198775686,-0.79785479,0.02178330744540727,-0.008029657187695,0.042761298267019875,0.006441658914087707,-0.03097306603736036,1.2360745830484722e-05,0.010694864949779148,-0.025736221217693145,0.00148324657311621,0.02512882243832235,0.11366259762748873,0.004028314498382592,0.0008007494257735689,0.005821162968390716,0.00774316882512459,0.0790529444354119,0.0034819141443349095,0.00022260963626891906,0.005250969366198463,0.007260764327603086,0.135445905072896,0.0447265168396463
8,-0.394025724,-0.893647939,-0.920506113,-0.819317695,0.52555112,0.910230293,0.023041251573369385,-0.008074219154817347,0.042142296277804546,0.00855968475993665,-0.03154166250928473,1.2530427889931246e-05,0.010681659773491793,-0.025590123047132,0.0017564845104627747,0.025094600535017768,0.1138347920664792,0.004027632770951189,0.0007460576690738504,0.00604003279990947,0.007690141286023715,0.0790545573983135,0.00347980965841858,0.00023062687999202128,0.005351219552737545,0.007214714051059322,0.1368760436398486,0.04468595326459965
9,0.544971719,-0.029647816,0.939335445,0.948457359,-0.943369376,-0.482210919,0.022280380212083346,-0.008023900036751352,0.04306891046031783,0.006947391945456242,-0.031205126433665076,1.2350393309107671e-05,0.010708590173489279,-0.02580808738986151,0.001445201360319141,0.025135049739469693,0.11353284305078364,0.004027328809473519,0.000821964256951352,0.00576264239407597,0.007726479120881835,0.07898600619819479,0.003482416220062655,0.00022336187978091646,0.005246036378164814,0.007256607793197769,0.135813223262867,0.04474280693843431
10,0.754288435,-0.411517319,-0.546105996,-0.500512437,-0.097589316,-0.654642297,0.022467496757098006,-0.00804354642873293,0.04235008804667137,0.007909977194892084,-0.03129807575912817,1.2682502307563577e-05,0.010702407288651267,-0.025871492056331914,0.001596196238704964,0.025109259730063775,0.11338431883838157,0.004025593100811702,0.0007875696846770468,0.005856102123112967,0.007686048486400791,0.07878684842272891,0.003481173895891935,0.00022894742131710408,0.0053129723757994966,0.007219063327641615,0.13585181559547957,0.04472121474220424
11,-0.731300959,0.38482718,0.339461256,0.321218067,-0.199928704,-0.846495549,0.022989634498024283,-0.008063268118340218,0.043360185719472415,0.0069279090759853095,-0.03124751528754833,1.2475387047408978e-05,0.0106517672438458,-0.025237291909372492,0.0014939361850812918,0.025091436201853102,0.11345409404702071,0.004027488299288933,0.0007906305859359196,0.005752094775158366,0.007741820613930637,0.07895774729031284,0.003481593992423091,0.00021655434020194072,0.005226553515573513,0.0072596106341954805,0.136443728545045,0.04468022788434746
12,-0.839198211,0.560236752,-0.495312626,-0.029532942,-0.756223085,-0.06218371,0.022865066629371336,-0.008077306999176298,0.04331830966448554,0.007153986584587257,-0.03132496311166635,1.2436695270072061e-05,0.010677690219387675,-0.02528195771563282,0.0013154069831113103,0.02507146430900495,0.1133469854452914,0.004029690546190498,0.0007687608457842578,0.00576959363911081,0.00772520854611423,0.07886764849508249,0.0034816537787246906,0.0002126278780389907,0.005249114935118913,0.0072426867811264915,0.13621205207466275,0.04470255626682147
12,-0.3488398601314413,-0.10410653450996706,1.0,0.15979620080196208,0.332240962135442,-1.0,0.022318471694970716,-0.008042642669740124,0.0428354041321944,0.006994802859907864,-0.031101851692141903,1.239631013140794e-05,0.010673554788848738,-0.02568593349525194,0.0015121947993950871,0.02512054666162719,0.11353119047771366,0.004026348490345795,0.0007951006055298314,0.0057999339660215156,0.007719848560644622,0.0789649700795911,0.00348180170962102,0.00022233417921743828,0.005275436752002285,0.007245416134740055,0.13584966217268438,0.0446955064914331
12,0.8944564290410905,-0.7038151347959362,-0.7351151520657061,-0.9925692302493122,-0.4813113790867182,-0.25532751533222314,0.022449577680627,-0.008012649711262523,0.042101598295377414,0.007874347803633676,-0.031127380584127767,1.2776877650102039e-05,0.01069003532020991,-0.025890382777444522,0.0016752322541655623,0.025126000202425152,0.1136658332694056,0.0040252019965386215,0.0008157666423710279,0.005964527764490812,0.0076548930407513505,0.07891554972186385,0.0034807487022168464,0.0002340978104147208,0.005330272570102531,0.0072447750206558565,0.1361154109500326,0.04469922003152652
14,0.9137785621606992,-0.6726357256667133,-0.7988235778244621,-0.9902958239644528,-0.39973031839826434,-0.31501765154901973,0.022376894945122065,-0.008003981277492798,0.04208853608614859,0.00768930128119959,-0.03103640715707712,1.2539159928989761e-05,0.010703487389437926,-0.025900411137824052,0.0017175972782303454,0.025106233322570594,0.1139105306644237,0.004025026841713156,0.0008146645511625774,0.00597393598357635,0.0077388729962232445,0.07910510335168365,0.003481430764041333,0.00023527717154416932,0.005310057474765418,0.0072261615297138,0.13628742560954576,0.04472522787514992
13,0.9127576473252943,-0.6742833271990238,-0.7954579284972645,-0.9904159346907486,-0.40404108883550194,-0.31186414698451426,0.0220952986490021,-0.008014017907905974,0.042157252784942895,0.007547052567029965,-0.031132958462687894,1.2540521151625181e-05,0.010708757812384824,-0.025882739893499762,0.0015615809624673282,0.025137830265119093,0.11374852789047096,0.004024675936432296,0.000796704799180555,0.0060060843557491785,0.0076777595575932625,0.07899510647630348,0.0034811956538486743,0.00023333147799223792,0.005286444308491406,0.007247225324879874,0.13584382653947308,0.044734037353361226
16,0.8773534923415717,-0.7314150295068927,-0.6787278736763743,-0.9945814660074394,-0.5535247061228732,-0.20249539678463455,0.022454379601324237,-0.008042620592339268,0.042028897870986334,0.008042430016674842,-0.031242558027619247,1.2617396115826266e-05,0.010705605559884855,-0.025822547506321826,0.0016936043744322992,0.02507895050951042,0.11368467040656864,0.0040257363898750995,0.0007760856969076837,0.005979363921883509,0.007693781204791373,0.07894851722454992,0.0034809099935442585,0.000234080224974346,0.005310325989336671,0.007235869760705786,0.1361390500078929,0.04472184700574296
14,0.8782061975515764,-0.7300389345500461,-0.6815394161404852,-0.9944811408267763,-0.5499235598235469,-0.20512981400338667,0.021565473254336633,-0.008019656372801713,0.042301459926658846,0.0065430069253686945,-0.030837500552089756,1.2454435697484594e-05,0.010706585050001174,-0.025856431025523288,0.00159206136401627,0.025123493503008916,0.11381222705235128,0.0040257364639268295,0.0008250071346041798,0.006027725220365996,0.007708770585337895,0.07897110244798942,0.003481002718057573,0.00023316432479100966,0.005307670549784143,0.007232047607494235,0.13537770030668791,0.04472764127856698
18,0.8842286982755453,-0.7203349319391941,-0.7013715858078767,-0.9937489874099394,-0.5244797528660677,-0.22372921262735812,0.02123845102781324,-0.008024956843524406,0.04216715160024433,0.006299063520250918,-0.03091758585750713,1.248626865237003e-05,0.010691750059592884,-0.025805512619038535,0.001709259432566593,0.025106795466576213,0.11364632823054001,0.004026087965694586,0.000786216756245191,0.005975641496375892,0.007701076998857753,0.07889766823415639,0.003480257565837498,0.00023344102536682233,0.005330586738530371,0.007215351449475497,0.13488477925835324,0.04471012124662212
15,0.8842016286137865,-0.720362508274394,-0.7013475080052713,-0.9937754933178774,-0.5245075592129357,-0.2237044563289692,0.021626576607650144,-0.008013853398415259,0.042182449119687895,0.006679617140570139,-0.030792173314152987,1.2669867036112958e-05,0.010694158235795425,-0.02579491755956844,0.0015467923008562826,0.025111834215840977,0.11379530662371073,0.004026053262701175,0.0008093131407296095,0.0060427124299891515,0.007699990905413282,0.0789748869457594,0.0034812671697892865,0.00023226395812564043,0.005302761158534446,0.007226057652668759,0.13542188323136087,0.04472242858152126
20,-0.9999996956098286,-0.9999985584608124,0.9999986346147485,-0.9999994356096338,-0.9999998125859759,-0.9999987949728161,0.02324038782228485,-0.008101385253314821,0.04202300086686845,0.008416908389931107,-0.03127284775564609,1.2844337855030915e-05,0.010651470005287234,-0.025339521947620867,0.0017519620076358689,0.025097957171288928,0.11372294257456972,0.004021885908771259,0.0007147848849451731,0.006049244607573088,0.007680465062489486,0.07894771101832344,0.003476852870782836,0.0002370741096591874,0.00535445297552809,0.007240471136497144,0.13696333039685457,0.04464771243363663
16,0.8066723634675474,-0.7313042966562421,0.9994022388142789,-0.9992590856950766,-0.999154314455366,-0.9999709560731641,0.021364211896388468,-0.00800912308255835,0.04204932617938036,0.006947714134559582,-0.030940951436193954,1.2511525751805904e-05,0.010718333842011924,-0.0260917915351305,0.0015412876247013017,0.02513690464386629,0.11381516951175763,0.004024355032738303,0.0007788204420168468,0.006017808777934558,0.007668176494536551,0.07908406541651743,0.0034823614290927563,0.0002356467434088371,0.005287359290408961,0.007236575885103392,0.1351793814081461,0.04474762726923004
22,0.9999999074595851,-0.9999999512090697,-0.9999997083597739,0.9999997418282746,-0.9999998647547278,-0.9999998770056437,0.022379010621697188,-0.008028239965951325,0.04216737000519936,0.007870394527810295,-0.03135530808449723,1.2667411367574367e-05,0.010689519233454197,-0.0257920534598428,0.0016832058926949975,0.025131455061462114,0.11424879811488067,0.004024460080392879,0.0007791789665338605,0.006031212012834468,0.007740144173952097,0.07942945189417615,0.003482425114150973,0.00022774682183926542,0.005245728580909851,0.007288450470091121,0.13662780873657787,0.04472437157863876
17,0.9986572873573396,-0.31835414446455557,0.6298075034929519,0.40479988839939385,-0.6438553025944913,-0.999349140185323,0.022083379847035903,-0.00801498255953637,0.042643478202859124,0.007327531891141496,-0.03123928071981262,1.2473993155017787e-05,0.010704830406629317,-0.026000156582633063,0.0014905345897813882,0.025158950625451613,0.11364446127508016,0.004024863167078811,0.0008210375331188572,0.005864213304655461,0.007720340968892496,0.07897788716381811,0.0034820792789711725,0.0002279168629321091,0.005267773090331878,0.0072583499052812665,0.13572784112211606,0.044739704316249705